id: 10
[matrix([[ 0.03536931,  0.11381411,  0.97600549, -1.40574241]])]
[matrix([[ 0.85483206, -0.48367924,  0.02598193, -1.40970739]])]
[matrix([[ 0.49309881,  0.85945202, -0.10807555,  0.18737363]])]
[matrix([[0., 0., 0., 1.]])]
---------------------------------------
id: 2
[matrix([[-0.58112051,  0.74725601,  0.27222516, -2.70199681]])]
[matrix([[ 0.55182755,  0.12001213,  0.80292625, -4.36909602]])]
[matrix([[ 0.59313599,  0.61936881, -0.48611713,  0.71153846]])]
[matrix([[0., 0., 0., 1.]])]
---------------------------------------
id: 1
[matrix([[ 6.27644182e-01, -3.98778927e-03,  7.76448929e-01,
         -5.37905488e+00]])]
[matrix([[ 0.77697311,  0.04132697, -0.62711114, -3.93806271]])]
[matrix([[-0.02999642,  0.99761169,  0.02951458,  0.49227766]])]
[matrix([[0., 0., 0., 1.]])]
---------------------------------------
id: 8
[matrix([[-0.85805123,  0.05527581,  0.48538697, -6.22750484]])]
[matrix([[ 0.48957163, -0.04885756,  0.85065463, -6.82576074]])]
[matrix([[0.08308119, 0.98472971, 0.01635301, 0.55271593]])]
[matrix([[0., 0., 0., 1.]])]
---------------------------------------
id: 4
[matrix([[-0.71578856,  0.20030642, -0.65287234, -5.03233248]])]
[matrix([[-0.68064805, -0.06665029,  0.71480382, -6.63158117]])]
[matrix([[0.10722959, 0.96914785, 0.18539712, 0.12024812]])]
[matrix([[0., 0., 0., 1.]])]
---------------------------------------
id: 7
[matrix([[-0.51565407,  0.03664313,  0.84245135, -8.25759457]])]
[matrix([[ 0.83977562, -0.09597481,  0.51339609, -7.41150596]])]
[matrix([[0.10368069, 0.98926986, 0.01773074, 0.21328959]])]
[matrix([[0., 0., 0., 1.]])]
---------------------------------------
id: 9
[matrix([[-0.65009467, -0.03603249, -0.72186175, -7.33953536]])]
[matrix([[-0.70533552, -0.17588146,  0.64403212, -9.15935818]])]
[matrix([[-0.16618155,  0.97967907,  0.08753887,  0.04007716]])]
[matrix([[0., 0., 0., 1.]])]
---------------------------------------
id: 5
[matrix([[ -0.70538899,  -0.09862881,   0.67717199, -10.00381806]])]
[matrix([[ 0.67267243,  0.15202259,  0.69605656, -9.62177171]])]
[matrix([[-0.15201724,  0.9681071 , -0.04313845,  0.29092219]])]
[matrix([[0., 0., 0., 1.]])]
---------------------------------------
id: 6
[matrix([[ 0.74820989, -0.09045299,  0.63838037, -6.42906517]])]
[matrix([[ 0.64740924,  0.12651567, -0.73432022, -4.69547724]])]
[matrix([[-0.00875857,  0.98316688,  0.15705592,  0.20325009]])]
[matrix([[0., 0., 0., 1.]])]
---------------------------------------
